6
Acanthogammarus_victorii_KX341962         0.0000000 0.7782183 0.8497618 0.8527897 0.9574939 0.9617465 
Brachyuropus_grewingkii_KP161875          0.7782183 0.0000000 0.5630712 0.5615464 0.6886223 0.7026531 
Eulimnogammarus_cyaneus_BK_SRR3467057     0.8497618 0.5630712 0.0000000 0.0226467 0.4737420 0.4897073 
Eulimnogammarus_cyaneus_SR_KX341964       0.8527897 0.5615464 0.0226467 0.0000000 0.4662623 0.4886182 
Eulimnogammarus_verrucosus_BK_KF690638    0.9574939 0.6886223 0.4737420 0.4662623 0.0000000 0.1858576 
Eulimnogammarus_verrucosus_PB_SRR21152014 0.9617465 0.7026531 0.4897073 0.4886182 0.1858576 0.0000000 
